477679068293652480,51.8219827,31.9436557
477679067840643072,38.6420381,-75.6048935
477679068322996224,33.37116273,-84.26853149
477679068369154050,4.0493568,9.7004001
477679068209348609,42.3151415,-122.8688629
477679067903574016,-22.84726247,-43.33809124
477679068415275008,13.79519052,100.72076124
477679068637184000,14.3534758,120.9263145
477679068616200192,-33.11662626,151.52853853
477679068683313152,39.1112698,-84.5051675
477679068708499456,14.66254,-90.80794
477679068369154051,-27.0853122,-61.0866921
477679067953897472,7.3909237,-73.4950903
477679068583063553,-19.8417207,-43.9502532
477679068918190081,41.54734787,-81.49142606
477679068872462337,51.5380971,46.0389533
477679069161455617,34.06417821,-118.34368486
477679069207601152,32.81897151,-97.38226659
477679069169860608,38.5794076,-90.4008894
477679068616220672,19.01617462,-98.18237
477679069174067200,15.07990158,120.64138147
477679068788572160,37.03532136,27.40648892
477679069132509184,39.28135905,-76.51229522
477679068616609792,33.19923164,-87.53385952
477679068339785728,-24.69586631,-47.56402311
477679069040246785,-25.5383848,-54.5707402
477679069308657664,-3.13849,-59.9893817
477679065999372288,38.2617125,-76.4595621
477679069534765056,37.71260532,-122.13658797
477679069727703040,39.50602808,-76.59042443
477679069606445056,28.50902911,-81.31712831
477679069698338816,30.19893665,-97.77372032
477679069669359616,32.825089,-83.6507376
477679069681942528,43.02493829,-87.93984402
477679069077995520,-1.4424853,-48.4760703
477679069899653120,43.92124131,-123.03289541
477679069966774272,35.07823074,-80.99142605
477679070151340032,30.08199807,-94.1358646
477679070096814081,34.99606156,135.6952428
477679069300285440,6.21760524,-75.60224602
477679069883301888,-38.7358806,-62.2260719
477679069757448192,55.74799859,37.58064831
477679070151323648,37.73788152,-85.88545907
477679069543530496,-3.0265838,-59.9747159
477679070139146241,-25.335056,-57.4884159
477679069841342465,-30.0012693,-51.0526584
477679070004908032,-22.9142787,-43.3642809
477679070218444801,14.9059098,121.0309758
477679070172708864,41.36850866,-81.70354648
477679070243586048,28.29753812,46.11044521
477679070130339840,4.2038083,100.65604
477679070260391938,19.6284325,-99.3042938
477679070365245440,-0.07573,109.35497
477679070440738816,39.9944847,-78.8675031
477679069241552896,41.3294154,-111.99056067
477679070465900544,-7.5154858,111.2390093
477679070440738817,40.76608875,-73.47706857
477679069803601920,-22.9119641,-43.6520342
477679070583324672,19.4573056,-99.1263601
477679070365626368,39.31255457,-74.59648082
477679070595923968,34.1478516,-80.9345233
477679070709174273,28.8830408,76.5859935
477679069782605824,9.95756149,-84.26141074
477679070487277568,-34.6293753,-58.4293944
477679070143332352,10.49979584,-66.84632758
477679070847578113,38.49559964,-77.36824745
477679070939848704,14.69459476,120.97095331
477679070767898624,14.6681054,100.4711841
477679070768295936,13.74559642,100.53133965
477679070906302465,25.17228783,45.79978799
477679070864748544,26.7136485,-80.0833903
477679070319509504,-22.7136092,-43.3257947
477679070160101376,32.7342319,-117.1000722
477679070981799936,43.5861892,-79.6260121
477679070650851328,-23.4858516,-46.4247806
477679070722134016,-22.3457187,-46.9299664
477679070839578624,-32.8876757,-68.8566522
477679071237644288,3.8983757,-76.30667012
477679070982176768,-2.5141475,-44.2497405
477679071204106240,40.73658907,-74.02924479
477679069640019968,-2.1560389,-79.8899579
477679070956638208,21.4656086,39.1881298
477679071196094464,-15.9953079,-48.0681419
477679071522848768,59.4593792,-135.3089928
477679071527047168,14.8462146,101.5652918
477679071061893120,41.2881176,-96.0643857
477679071556411392,37.7553094,-122.1887097
477679071552237568,36.7337497,-97.0604577
477679071439376385,-23.6643114,-46.5460092
477679071451963393,35.57014475,135.19193888
477679071787118592,34.15055422,-118.58030548
477679071607128064,-34.5241957,-58.7376797
477679071678050304,-7.25488,112.72489
477679071887765506,7.4486275,-80.4046173
477679070806032384,25.9378396,-80.316937
477679071732584448,-7.79301,110.38073
477679071812272128,34.259832,-118.4580265
477679071674236928,45.5217786,-123.1209374
477679071254839296,-36.98686294,-73.16226057
477679071531642880,54.6038295,-5.8799809
477679071925510144,-6.3299215,106.8738742
477679071938494465,38.95407626,-95.21174076
477679072235909120,32.8377235,-116.902145
477679072210739201,39.05642557,-95.69296843
477679071976226817,52.2534816,104.331813